79
59
66
45
33
31
90
28
6
88
95
91
64
59
58
25
34
9
54
24
35
51
71
7
3
91
61
39
62
38
25
18
11
30
62
37
54
29
85
97
46
73
19
83
11
55
47
17
20
67
81
32
53
73
2
89
51
2
62
81
80
90
49
36
63
82
73
18
10
12
0
56
44
90
18
27
49
80
19
12
95
14
45
16
99
34
15
14
43
8
45
91
80
42
0
50
31
59
3
9
32
63
73
21
2
37
98
53
20
44
0
38
62
80
5
91
59
65
44
20
85
81
22
61
42
2
8
65
80
43
27
66
41
71
63
52
50
14
12
21
82
57
91
39
26
72
26
2
99
79
32
50
16
89
48
48
18
45
4
21
58
56
13
35
30
65
26
81
20
71
51
44
48
84
37
79
89
47
43
28
16
52
80
99
42
76
56
60
11
89
32
74
35
89
23
71
9
2
63
80
83
6
89
33
26
60
41
39
75
23
6
97
10
32
2
5
23
47
25
52
3
8
33
53
74
22
75
56
71
57
20
85
87
54
27
13
52
51
67
45
46
66
68
99
73
90
76
46
87
54
52
25
20
43
61
88
0
48
1
42
68
85
63
21
61
23
60
0
10
11
99
58
5
95
12
39
17
88
8
84
99
51
17
78
88
33
6
48
71
14
59
2
92
49
67
14
4
34
25
93
4
53
37
62
69
31
8
44
62
36
32
62
55
8
84
16
69
44
67
38
6
88
79
40
35
82
12
49
41
54
86
40
25
1
1
74
8
17
13
79
80
83
83
12
37
36
0
14
16
86
80
40
82
74
37
55
48
36
6
2
27
67
83
70
11
11
20
76
30
13
50
95
67
88
6
93
48
55
85
85
85
68
81
31
18
61
91
79
21
94
61
86
66
65
87
47
0
74
69
78
38
23
93
77
46
13
23
63
77
6
25
96
0
34
38
52
15
76
3
73
25
5
50
95
19
57
10
70
78
39
11
78
44
8
55
60
51
12
3
13
46
79
82
60
33
43
79
69
44
3
33
77
19
30
99
98
69
98
66
23
27
70
72
26
45
3
51
18
12
42
47
95
43
41
89
4
75
89
9
76
69
31
6
78
16
66
46
56
57
56
45
20
8
7
80
16
48
44
75
67
58
63
90
13
47
41
89
13
92
50
35
71
87
43
94
81
73
32
46
83
46
80
40
62
53
85
77
46
77
4
60
68
46
2
48
47
10
1
11
27
3
79
5
12
45
99
49
13
72
35
7
53
12
49
74
96
82
94
0
54
21
53
97
65
14
29
41
57
0
96
11
25
47
35
67
73
80
19
70
99
94
82
1
84
28
47
92
39
35
40
94
62
52
22
71
89
71
78
29
51
26
10
68
87
86
4
9
8
79
80
90
42
87
90
49
34
93
14
54
74
88
68
74
57
44
56
94
40
93
82
89
1
12
88
71
55
82
44
83
32
58
81
53
35
99
39
25
49
92
43
31
23
61
13
40
74
71
85
61
47
24
17
64
55
49
4
96
78
60
36
26
89
82
90
26
45
82
20
79
43
32
89
12
50
78
77
32
75
49
99
25
94
7
42
45
17
61
88
82
46
56
64
97
50
78
28
94
9
3
75
62
30
50
60
65
96
70
34
74
63
29
57
14
68
8
58
74
7
89
72
50
7
86
67
59
61
3
38
16
87
20
18
26
24
12
13
45
56
71
49
39
54
91
76
75
42
89
9
74
93
32
15
4
32
18
23
90
49
4
20
13
22
27
90
39
60
85
50
81
91
55
94
77
87
44
98
29
15
28
7
10
59
70
33
91
66
4
10
82
22
34
70
33
82
54
2
5
57
86
49
89
57
31
4
18
40
87
38
80
52
55
48
36
86
96
94
92
44
56
61
65
63
7
5
76
32
79
24
69
81
66
10
56
37
11
60
57
20
89
48
95
12
20
43
98
72
9
6
63
99
5
23
32
42
54
72
69
96
71
74
57
35
66
24
39
55
51
82
34
23
57
81
83
32
25
97
86
30
82
98
19
98
89
14
24
58
80
7
33
9
26
93
67
91
60
62
49
8
55
66
65
73
55
60
60
59
51
14
50
45
42
9
1
94
70
60
72
87
63
91
59
91
24
77
98
72
71
55
8
0
51
80
78
14
84
93
93
38
94
78
1
79
22
0
56
86
89
90
4
33
7
19
24
32
53
26
46
4
20
56
94
10
99
99
74
94
59
56
35
25
86
21
87
41
73
57
42
27
3
48
52
40
91
55
16
33
93
75
35
74